 -0.910000026       0.00000000       9.09000015       0.00000000    
 -0.897951901     -0.999435663       8.96951962      0.994356155    
 -0.861522973      -1.99454677       8.60523033       1.94546819    
 -0.802396595      -2.98083878       8.01396656       2.80839014    
 -0.723154664      -3.95457792       7.22154713       3.54578447    
 -0.626905501      -4.91295385       6.25905514       4.12954521    
 -0.516938210      -5.85406399       5.15938234       4.54064226    
 -0.396470666      -6.77678537       3.95470643       4.76785612    
 -0.268499702      -7.68060875       2.67499685       4.80609035    
 -0.135735452      -8.56547451       1.34735477       4.65474606    
  -5.89972362E-04  -9.43163490      -4.10002470E-03   4.31636477    
  0.134803534      -10.2795582      -1.35803509       3.79560280    
  0.268557370      -11.1098480      -2.69557333       3.09849834    
  0.398991853      -11.9231949      -3.99991846       2.23197412    
  0.524598956      -12.7203493      -5.25598955       1.20351923    
  0.644008875      -13.5020981      -6.45008993       2.09986717E-02
  0.755961716      -14.2692537      -7.56961870      -1.30744064    
  0.859282076      -15.0226583      -8.60282326      -2.77339506    
  0.952858746      -15.7631807      -9.53858948      -4.36817598    
   1.03562737      -16.4917221      -10.3662758      -6.08273840    
   1.10655725      -17.2092400      -11.0755758      -7.90757132    
   1.16464102      -17.9167423      -11.6564140      -9.83255005    
   1.20888841      -18.6153202      -12.0988903      -11.8467503    
   1.23832512      -19.3061733      -12.3932581      -13.9382210    
   1.25199664      -19.9906235      -12.5299740      -16.0937195    
   1.24898088      -20.6701565      -12.4998159      -18.2983932    
   1.22841120      -21.3464527      -12.2941189      -20.5354347    
   1.18951488      -22.0214272      -11.9051580      -22.7856922    
   1.13167143      -22.6972637      -11.3267231      -25.0273323    
   1.05449450      -23.3764400      -10.5549536      -27.2355385    
  0.957944453      -24.0617447      -9.58945370      -29.3824921    
  0.842465460      -24.7562256      -8.43466473      -31.4376888    
  0.709135532      -25.4631062      -7.10136509      -33.3689003    
  0.559798598      -26.1855965      -5.60799503      -35.1439705    
  0.397127897      -26.9266567      -3.98128819      -36.7333679    
  0.224569499      -27.6886692      -2.25570440      -38.1132393    
   4.61371243E-02  -28.4731750     -0.471380740      -39.2681770    
 -0.133912906      -29.2807083       1.32911932      -40.1928711    
 -0.311445087      -30.1107883       3.10444117      -40.8920670    
 -0.482750297      -30.9620934       4.81749249      -41.3790283    
 -0.644731164      -31.8326893       6.43730021      -41.6730881    
 -0.794960797      -32.7202911       7.93959665      -41.7970848    
 -0.931646287      -33.6224785       9.30645084      -41.7752075    
  -1.05353975      -34.5368500       10.5253868      -41.6314926    
  -1.15983379      -35.4611092       11.5883255      -41.3888741    
  -1.25006068      -36.3931198       12.4905930      -41.0687485    
  -1.32400787      -37.3309097       13.2300653      -40.6908035    
  -1.38165104      -38.2726784       13.8064966      -40.2730865    
  -1.42310262      -39.2167740       14.2210121      -39.8321114    
  -1.44857442      -40.1616783       14.4757299      -39.3830719    
  -1.45835173      -41.1059799       14.5735025      -38.9400368    
  -1.45277548      -42.0483665       14.5177393      -38.5161476    
  -1.43223107      -42.9876022       14.3122931      -38.1238098    
  -1.39714241      -43.9224968       13.9614067      -37.7748642    
  -1.34797120      -44.8519096       13.4696941      -37.4807434    
  -1.28521788      -45.7747231       12.8421593      -37.2526016    
  -1.20942760      -46.6898384       12.0842543      -37.1014481    
  -1.12119853      -47.5961571       11.2019644      -37.0382423    
  -1.02119493      -48.4925804       10.2019281      -37.0739899    
 -0.910161436      -49.3779984       9.09159279      -37.2198029    
 -0.788944244      -50.2512856       7.87942123      -37.4869385    
 -0.658514857      -51.1113014       6.57512665      -37.8867874    
 -0.519999743      -51.9569016       5.18997478      -38.4308014    
 -0.374714464      -52.7869492       3.73712182      -39.1303444    
 -0.224202007      -53.6003380       2.23199654      -39.9964256    
  -7.02721551E-02  -54.3960533      0.692697525      -41.0392380    
   8.49627629E-02  -55.1732254     -0.859652281      -42.2675095    
  0.239065647      -55.9312134      -2.40068150      -43.6876144    
  0.389279664      -56.6697388      -3.90282249      -45.3023720    
  0.532579362      -57.3890038      -5.33582020      -47.1096992    
  0.665784776      -58.0898476      -6.66787481      -49.1012497    
  0.785746872      -58.7738266      -7.86749697      -51.2614479    
  0.889588296      -59.4432487      -8.90591240      -53.5672531    
  0.974956155      -60.1010666      -9.75959110      -55.9890785    
   1.04022312      -60.7507019      -10.4122620      -58.4927330    
   1.08458555      -61.3957596      -10.8558884      -61.0421181    
   1.10803890      -62.0397758      -11.0904255      -63.6019363    
   1.11125481      -62.6859856      -11.1225863      -66.1398315    
   1.09540832      -63.3372040      -10.9641218      -68.6276703    
   1.06200123      -63.9957657      -10.6300497      -71.0420609    
   1.01271129      -64.6635513      -10.1371498      -73.3641739    
  0.949279964      -65.3420410      -9.50283623      -75.5793076    
  0.873436868      -66.0323486      -8.74440479      -77.6762161    
  0.786854506      -66.7353134      -7.87858152      -79.6465149    
  0.691124737      -67.4515686      -6.92128372      -81.4840546    
  0.587750673      -68.1815186      -5.88754368      -83.1844788    
  0.478147566      -68.9254990      -4.79151201      -84.7447968    
  0.363649070      -69.6836700      -3.64652777      -86.1630859    
  0.245517239      -70.4561539      -2.46520996      -87.4382935    
  0.124953173      -71.2429886      -1.25956988      -88.5699921    
   3.10872495E-03  -72.0441513      -4.11262065E-02  -89.5583191    
 -0.118901953      -72.8596039       1.17897975      -90.4038467    
 -0.239991084      -73.6892242       2.38987064      -91.1075516    
 -0.359086394      -74.5329056       3.58082318      -91.6707764    
 -0.475120604      -75.3904572       4.74116421      -92.0952454    
 -0.587021291      -76.2616653       5.86016989      -92.3831253    
 -0.693701625      -77.1462708       6.92697144      -92.5370178    
 -0.794051290      -78.0439606       7.93046713      -92.5601044    
 -0.886929095      -78.9543533       8.85924435      -92.4562378    
 -0.971156478      -79.8769684       9.70151711      -92.2301178    
  -1.04551363      -80.8112335       10.4450884      -91.8874817    
  -1.10873973      -81.7564468       11.0773478      -91.4353638    
  -1.15953743      -82.7117462       11.5853252      -90.8823700    
  -1.19658792      -83.6760788       11.9558296      -90.2390747    
  -1.21857560      -84.6481476       12.1757050      -89.5184021    
  -1.22423029      -85.6263809       12.2322512      -88.7360306    
  -1.21239054      -86.6089020       12.1138525      -87.9107819    
  -1.18209028      -87.5934906       11.8108482      -87.0648499    
  -1.13266969      -88.5775909       11.3166437      -86.2238007    
  -1.06390202      -89.5583649       10.6289654      -85.4160843    
 -0.976114690      -90.5327606       9.75109100      -84.6720810    
 -0.870279670      -91.4977264       8.69274044      -84.0224686    
 -0.748035908      -92.4503555       7.47030163      -83.4961777    
 -0.611625850      -93.3881378       6.10620070      -83.1183472    
 -0.463747889      -94.3091125       4.62742043      -82.9085617    
 -0.307355553      -95.2119827       3.06349659      -82.8799438    
 -0.145449594      -96.0960693       1.44443572      -83.0391006    
   1.90970115E-02  -96.9613037     -0.201031536      -83.3867798    
  0.183658987      -97.8080750      -1.84665215      -83.9190140    
  0.345921516      -98.6371384      -3.46927857      -84.6283340    
  0.503896952      -99.4494781      -5.04903364      -85.5049286    
  0.655910134      -100.246223      -6.56916714      -86.5375748    
  0.800567567      -101.028549      -8.01574230      -87.7143478    
  0.936718464      -101.797676      -9.37725353      -89.0230789    
   1.06341684      -102.554825      -10.6442385      -90.4517136    
   1.17988551      -103.301147      -11.8089247      -91.9884415    
   1.28548539      -104.037811      -12.8649235      -93.6218414    
   1.37968934      -104.765915      -13.8069611      -95.3408813    
   1.46206057      -105.486511      -14.6306753      -97.1349182    
   1.53223634      -106.200638      -15.3324337      -98.9936676    
   1.58991337      -106.909286      -15.9092035      -100.907150    
   1.63483799      -107.613441      -16.3584518      -102.865623    
   1.66679811      -108.314056      -16.6780548      -104.859489    
   1.68561840      -109.012077      -16.8662548      -106.879242    
   1.69115591      -109.708466      -16.9216290      -108.915375    
   1.68329978      -110.404167      -16.8430672      -110.958344    
   1.66197145      -111.100159      -16.6297817      -112.998405    
   1.62712717      -111.797447      -16.2813396      -115.025589    
   1.57876396      -112.497047      -15.7977076      -117.029594    
   1.51692641      -113.200027      -15.1793327      -118.999710    
   1.44171751      -113.907524      -14.4272432      -120.924706    
   1.35331309      -114.620712      -13.5431976      -122.792786    
   1.25198007      -115.340836      -12.5298700      -124.591537    
   1.13810074      -116.069206      -11.3910780      -126.307861    
   1.01220071      -116.807190      -10.1320791      -127.928017    
  0.874983907      -117.556221      -8.75991154      -129.437668    
  0.727372169      -118.317764      -7.28379488      -130.822113    
  0.570548296      -119.093323      -5.71555710      -132.066559    
  0.405996770      -119.884315      -4.07004261      -133.156647    
  0.235536426      -120.692062      -2.36544061      -134.079208    
   6.13329038E-02  -121.517654     -0.623406172      -134.823227    
 -0.114122659      -122.361893       1.13114870      -135.380890    
 -0.288079888      -123.225098       2.87072015      -135.748779    
 -0.457645983      -124.107086       4.56638050      -135.928894    
 -0.619944453      -125.007072       6.18936443      -135.929062    
 -0.772291422      -125.923691       7.71283388      -135.762894    
 -0.912356436      -126.855087       9.11348248      -135.448883    
  -1.03827584      -127.799065       10.3726768      -135.009079    
  -1.14870393      -128.753220       11.4769564      -134.467514    
  -1.24280238      -129.715103       12.4179401      -133.848648    
  -1.32018530      -130.682343       13.1917677      -133.176224    
  -1.38083971      -131.652725       13.7983122      -132.472412    
  -1.42504191      -132.624252       14.2403326      -131.757355    
  -1.45327818      -133.595078       14.5226946      -131.048950    
  -1.46618021      -134.563660       14.6517162      -130.363007    
  -1.46447361      -135.528641       14.6346493      -129.713272    
  -1.44893920      -136.488785       14.4793053      -129.111740    
  -1.42038691      -137.443085       14.1937799      -128.568817    
  -1.37963665      -138.390610       13.7862759      -128.093613    
  -1.32750738      -139.330566       13.2649832      -127.694061    
  -1.26481068      -140.262238       12.6380138      -127.377197    
  -1.19234705      -141.185028       11.9133759      -127.149239    
  -1.11090636      -142.098373       11.0989666      -127.015785    
  -1.02126849      -143.001755       10.2025871      -126.981865    
 -0.924206793      -143.894730       9.23196793      -127.052078    
 -0.820491552      -144.776871       8.19481373      -127.230644    
 -0.710894763      -145.647766       7.09884501      -127.521469    
 -0.596195579      -146.507111       5.95185137      -127.928200    
 -0.477185965      -147.354492       4.76175404      -128.454224    
 -0.354677618      -148.189636       3.53666925      -129.102692    
 -0.229508609      -149.012238       2.28497744      -129.876572    
 -0.102551304      -149.822021       1.01540279      -130.778564    
   2.52794847E-02  -150.618774     -0.262906671      -131.811081    
  0.153017893      -151.402237      -1.54029214      -132.976242    
  0.279637963      -152.172287      -2.80649424      -134.275742    
  0.404044688      -152.928787      -4.05056286      -135.710754    
  0.525065541      -153.671692      -5.26077271      -137.281754    
  0.641443253      -154.401016      -6.42455101      -138.988403    
  0.751831412      -155.116943      -7.52843428      -140.829239    
  0.854794681      -155.819733      -8.55806923      -142.801331    
  0.948816121      -156.509857      -9.49828625      -144.900024    
   1.03231525      -157.188019      -10.3332787      -147.118454    
   1.10368109      -157.855164      -11.0469389      -149.447067    
   1.16132367      -158.512527      -11.6233664      -151.873352    
   1.20374608      -159.161728      -12.0475922      -154.381424    
   1.22963679      -159.804672      -12.3065004      -156.951904    
   1.23797381      -160.443649      -12.3898726      -159.562256    
   1.22812760      -161.081131      -12.2914124      -162.187363    
   1.19994187      -161.719803      -12.0095568      -164.800598    
   1.15377450      -162.362350      -11.5478821      -167.375153    
   1.09048319      -163.011292      -10.9149723      -169.885559    
   1.01136208      -163.668945      -10.1237631      -172.308929    
  0.918037713      -164.337250      -9.19052029      -174.625900    
  0.812349856      -165.017731      -8.13364220      -176.821106    
  0.696237147      -165.711517      -6.97251749      -178.883179    
  0.571641684      -166.419388      -5.72656441      -180.804443    
  0.440438896      -167.141800      -4.41453886      -182.580429    
  0.304393053      -167.878906      -3.05408287      -184.209320    
  0.165133506      -168.630707      -1.66148949      -185.691315    
   2.41467860E-02  -169.397018     -0.251624137      -187.028214    
 -0.117221028      -170.177551       1.16205192      -188.223022    
 -0.257755309      -170.971893       2.56739259      -189.279541    
 -0.396360815      -171.779633       3.95344591      -190.202179    
 -0.532048225      -172.600281       5.31031799      -190.995712    
 -0.663920760      -173.433319       6.62904072      -191.665192    
 -0.791161060      -174.278244       7.90144205      -192.215881    
 -0.913020134      -175.134537       9.12002945      -192.653076    
  -1.02880621      -176.001633       10.2778893      -192.982178    
  -1.13787591      -176.878998       11.3685846      -193.208633    
  -1.23962617      -177.766052       12.3860846      -193.337952    
  -1.33348727      -178.662262       13.3246918      -193.375702    
  -1.41891634      -179.567093       14.1789789      -193.327530    
  -1.49539304      -180.479935       14.9437447      -193.199203    
  -1.56241572      -181.400192       15.6139688      -192.996552    
  -1.61949754      -182.327286       16.1847858      -192.725723    
  -1.66616476      -183.260544       16.6514530      -192.393005    
  -1.70195508      -184.199341       17.0093536      -192.005020    
  -1.72641790      -185.142960       17.2539768      -191.568771    
  -1.73911524      -186.090668       17.3809452      -191.091629    
  -1.73962426      -187.041672       17.3860321      -190.581573    
  -1.72754252      -187.995102       17.2652111      -190.047150    
  -1.70249462      -188.950058       17.0147285      -189.497620    
  -1.66414237      -189.905533       16.6312027      -188.943024    
  -1.61219859      -190.860397       16.1117630      -188.394348    
  -1.54644537      -191.813477       15.4542284      -187.863556    
  -1.46675777      -192.763458       14.6573505      -187.363678    
  -1.37313354      -193.708923       13.7211056      -186.908859    
  -1.26572800      -194.648376       12.6470490      -186.514297    
  -1.14489555      -195.580185       11.4387217      -186.196167    
  -1.01123333      -196.502670       10.1020975      -185.971268    
 -0.865623355      -197.414139       8.64599514      -185.856659    
 -0.709266841      -198.312897       7.08242702      -185.869019    
 -0.543700457      -199.197403       5.42676115      -186.023819    
 -0.370785654      -200.066345       3.69761086      -186.334427    
 -0.192663833      -200.918671       1.91639078      -186.811096    
  -1.16760992E-02  -201.753754      0.106511176      -187.460266    
  0.169744253      -202.571381      -1.70769465      -188.283981    
  0.349191099      -203.371765      -3.50216484      -189.279922    
  0.524397790      -204.155594      -5.25423336      -190.441635    
  0.693326175      -204.923828      -6.94351864      -191.759277    
  0.854223073      -205.677719      -8.55248928      -193.220444    
   1.00564325      -206.418640      -10.0666924      -194.811096    
   1.14644444      -207.148117      -11.4747057      -196.516266    
   1.27576387      -207.867661      -12.7679005      -198.320801    
   1.39298320      -208.578766      -13.9400940      -200.209885    
   1.49769044      -209.282837      -14.9871693      -202.169205    
   1.58964300      -209.981216      -15.9066982      -204.185287    
   1.66873360      -210.675201      -16.6976070      -206.245514    
   1.73496163      -211.365921      -17.3598900      -208.338135    
   1.78840947      -212.054489      -17.8943672      -210.452301    
   1.82922280      -212.741913      -18.3025036      -212.577927    
   1.85759664      -213.429138      -18.5862427      -214.705658    
   1.87376249      -214.117020      -18.7479038      -216.826813    
   1.87798095      -214.806366      -18.7900906      -218.933258    
   1.87053442      -215.497955      -18.7156258      -221.017395    
   1.85172331      -216.192505      -18.5275173      -223.071960    
   1.82186317      -216.890686      -18.2289200      -225.090195    
   1.78128314      -217.593155      -17.8231220      -227.065491    
   1.73032475      -218.300552      -17.3135414      -228.991577    
   1.66934347      -219.013474      -16.7037315      -230.862350    
   1.59870934      -219.732513      -15.9973917      -232.671814    
   1.51880944      -220.458267      -15.1983929      -234.414139    
   1.43004966      -221.191315      -14.3107977      -236.083603    
   1.33285975      -221.932236      -13.3389006      -237.674423    
   1.22769654      -222.681595      -12.2872705      -239.180923    
   1.11504936      -223.439941      -11.1608009      -240.597397    
  0.995446265      -224.207855      -9.96477318      -241.918198    
  0.869461000      -224.985916      -8.70492268      -243.137573    
  0.737720549      -225.774673      -7.38752079      -244.249863    
  0.600914776      -226.574707      -6.01946545      -245.249435    
  0.459806025      -227.386566      -4.60837984      -246.130737    
  0.315240204      -228.210785      -3.16272378      -246.888382    
  0.168158159      -229.047897      -1.69190514      -247.517273    
   1.96070392E-02  -229.898346     -0.206395626      -248.012741    
 -0.129249334      -230.762543       1.28216636      -248.370712    
 -0.277122617      -231.640808       2.76089764      -248.588013    
 -0.422596723      -232.533356       4.21563673      -248.662674    
 -0.564131975      -233.440201       5.63098812      -248.594254    
 -0.700080395      -234.361191       6.99047136      -248.384369    
 -0.828714788      -235.295929       8.27681255      -248.037018    
 -0.948274970      -236.243713       9.47241211      -247.559067    
  -1.05703199      -237.203552       10.5599794      -246.960464    
  -1.15336549      -238.174164       11.5233126      -246.254395    
  -1.23584950      -239.153900       12.3481503      -245.457092    
  -1.30333292      -240.140884       13.0229816      -244.587341    
  -1.35500228      -241.133057       13.5396729      -243.665756    
  -1.39041734      -242.128250       13.8938227      -242.713898    
  -1.40951300      -243.124329       14.0847788      -241.753220    
  -1.41257071      -244.119217       14.1153526      -240.804291    
  -1.40016556      -245.111053       13.9912987      -239.885941    
  -1.37310338      -246.098145       13.7206745      -239.015060    
  -1.33235443      -247.079025       13.3131828      -238.206131    
  -1.27899289      -248.052505       12.7795668      -237.471375    
  -1.21414697      -249.017563       12.1311064      -236.820847    
  -1.13895929      -249.973373       11.3792295      -236.262650    
  -1.05455947      -250.919312       10.5352297      -235.803131    
 -0.962044537      -251.854889       9.61007881      -235.447189    
 -0.862468302      -252.779755       8.61431503      -235.198456    
 -0.756834626      -253.693649       7.55797720      -235.059586    
 -0.646096349      -254.596375       6.45059252      -235.032394    
 -0.531155646      -255.487823       5.30118370      -235.117981    
 -0.412866712      -256.367920       4.11829281      -235.316940    
 -0.292039573      -257.236664       2.91001964      -235.629379    
 -0.169444248      -258.094086       1.68406439      -236.055069    
  -4.58154455E-02  -258.940247      0.447774410      -236.593430    
   7.81428441E-02  -259.775208     -0.791810572      -237.243713    
  0.201752752      -260.599060      -2.02791190      -238.004913    
  0.324358076      -261.411957      -3.25396681      -238.875824    
  0.445319951      -262.214020      -4.46358776      -239.855087    
  0.564012885      -263.005402      -5.65051985      -240.941193    
  0.679820955      -263.786255      -6.80860329      -242.132462    
  0.792133987      -264.556793      -7.93173599      -243.427078    
  0.900344312      -265.317200      -9.01384068      -244.822998    
   1.00384343      -266.067688      -10.0488338      -246.318039    
   1.10201919      -266.808533      -11.0305939      -247.909714    
   1.19425297      -267.539948      -11.9529333      -249.595398    
   1.27991796      -268.262299      -12.8095827      -251.372086    
   1.35837626      -268.975861      -13.5941677      -253.236404    
   1.42897844      -269.681030      -14.3001928      -255.184662    
   1.49106359      -270.378235      -14.9210453      -257.212585    
   1.54395878      -271.067963      -15.4499979      -259.315430    
   1.58698177      -271.750702      -15.8802319      -261.487701    
   1.61944580      -272.427155      -16.2048740      -263.723175    
   1.64066494      -273.097961      -16.4170704      -266.014771    
   1.64996541      -273.764038      -16.5100784      -268.354340    
   1.64669859      -274.426208      -16.4774113      -270.732635    
   1.63026059      -275.085571      -16.3130322      -273.139099    
   1.60011721      -275.743286      -16.0115986      -275.561890    
   1.55583465      -276.400726      -15.5687742      -277.987640    
   1.49711668      -277.059326      -14.9815960      -280.401672    
   1.42384648      -277.720673      -14.2488947      -282.788025    
   1.33612883      -278.386475      -13.3717184      -285.129669    
   1.23432946      -279.058563      -12.3537273      -287.408966    
   1.11910498      -279.738617      -11.2014847      -289.608337    
  0.991414309      -280.428345      -9.92457962      -291.710663    
  0.852508307      -281.129364      -8.53552151      -293.700470    
  0.703894377      -281.842987      -7.04938364      -295.564240    
  0.547277927      -282.570312      -5.48322153      -297.291229    
  0.384489298      -283.312073      -3.85533786      -298.873749    
  0.217404574      -284.068695      -2.18449283      -300.307281    
   4.78723235E-02  -284.840393     -0.489172220      -301.590393    
 -0.122347146      -285.627014       1.21302056      -302.724335    
 -0.291625261      -286.428192       2.90579987      -303.712524    
 -0.458491385      -287.243439       4.57445908      -304.560242    
 -0.621643543      -288.072052       6.20597887      -305.274078    
 -0.779947579      -288.913269       7.78901720      -305.861511    
 -0.932428181      -289.766388       9.31382084      -306.330505    
  -1.07825541      -290.630493       10.7720900      -306.689392    
  -1.21672821      -291.504791       12.1568174      -306.946503    
  -1.34725916      -292.388397       13.4621248      -307.110107    
  -1.46935785      -293.280548       14.6831102      -307.188385    
  -1.58261716      -294.180450       15.8156996      -307.189178    
  -1.68669975      -295.087372       16.8565254      -307.120178    
  -1.78132856      -296.000549       17.8028088      -306.988770    
  -1.86627555      -296.919250       18.6522751      -306.802002    
  -1.94135499      -297.842773       19.4030666      -306.566833    
  -2.00641608      -298.770477       20.0536766      -306.289825    
  -2.06133890      -299.701691       20.6028976      -305.977448    
  -2.10602784      -300.635834       21.0497856      -305.636017    
  -2.14041042      -301.572296       21.3936081      -305.271606    
  -2.16443253      -302.510406       21.6338272      -304.890198    
  -2.17805839      -303.449646       21.7700806      -304.497711    
  -2.18126774      -304.389404       21.8021679      -304.099976    
  -2.17405534      -305.329102       21.7300415      -303.702820    
  -2.15643167      -306.268188       21.5538044      -303.312012    
  -2.12842274      -307.205994       21.2737141      -302.933533    
  -2.09007120      -308.142059       20.8901958      -302.573242    
  -2.04143763      -309.075653       20.4038563      -302.237122    
  -1.98260283      -310.006226       19.8155079      -301.931305    
  -1.91367185      -310.933136       19.1261940      -301.662109    
  -1.83477604      -311.855743       18.3372307      -301.436066    
  -1.74607873      -312.773407       17.4502563      -301.259766    
  -1.64778137      -313.685394       16.4672794      -301.140106    
  -1.54012918      -314.590973       15.3907557      -301.084198    
  -1.42342031      -315.489441       14.2236662      -301.099457    
  -1.29801512      -316.380066       12.9696121      -301.193420    
  -1.16434658      -317.261993       11.6329250      -301.373932    
  -1.02293289      -318.134491       10.2187872      -301.648926    
 -0.874391198      -318.996765       8.73336887      -302.026489    
 -0.719451308      -319.847931       7.18396807      -302.514679    
 -0.558970094      -320.687286       5.57915354      -303.121338    
 -0.393943787      -321.514008       3.92888880      -303.853943    
 -0.225517660      -322.327454       2.24462605      -304.719299    
  -5.49895614E-02  -323.127045      0.539343596      -305.723145    
  0.116195112      -323.912415      -1.17250431      -306.869934    
  0.286459744      -324.683167      -2.87515163      -308.162201    
  0.454126805      -325.439392      -4.55182362      -309.600372    
  0.617462397      -326.181213      -6.18518162      -311.182220    
  0.774733543      -326.909119      -7.75789547      -312.902832    
  0.924273252      -327.623932      -9.25329399      -314.754486    
   1.06454599      -328.326691      -10.6560230      -316.726807    
   1.19420636      -329.018646      -11.9526272      -318.807251    
   1.31214154      -329.701202      -13.1319799      -320.981476    
   1.41749644      -330.375977      -14.1855307      -323.234070    
   1.50967789      -331.044495      -15.1073475      -325.549194    
   1.58834147      -331.708313      -15.8939848      -327.911041    
   1.65336609      -332.368958      -16.5442314      -330.304352    
   1.70482111      -333.027924      -17.0587845      -332.714722    
   1.74293137      -333.686523      -17.4398899      -335.128937    
   1.76804304      -334.345917      -17.6910076      -337.534821    
   1.78059256      -335.007263      -17.8165054      -339.921478    
   1.78108168      -335.671509      -17.8213978      -342.279236    
   1.77005517      -336.339508      -17.7111340      -344.599365    
   1.74808443      -337.012024      -17.4914303      -346.874329    
   1.71575511      -337.689728      -17.1681366      -349.097321    
   1.67365742      -338.373199      -16.7471619      -351.262421    
   1.62237978      -339.063019      -16.2343884      -353.364380    
   1.56250477      -339.759613      -15.6356392      -355.398590    
   1.49460542      -340.463379      -14.9566479      -357.360931    
   1.41924536      -341.174744      -14.2030497      -359.247742    
   1.33697701      -341.893921      -13.3803701      -361.055786    
   1.24834275      -342.621307      -12.4940290      -362.782104    
   1.15387511      -343.357117      -11.5493536      -364.424072    
   1.05409849      -344.101562      -10.5515900      -365.979279    
  0.949530900      -344.854919      -9.50591469      -367.445587    
  0.840685248      -345.617401      -8.41746044      -368.820984    
  0.728071570      -346.389130      -7.29132509      -370.103638    
  0.612199426      -347.170288      -6.13260508      -371.291901    
  0.493579954      -347.961060      -4.94641209      -372.384216    
  0.372728378      -348.761566      -3.73789859      -373.379150    
  0.250166476      -349.571960      -2.51228094      -374.275452    
  0.126425222      -350.392303      -1.27487016      -375.071991    
   2.04768032E-03  -351.222748      -3.10965031E-02  -375.767609    
 -0.122408256      -352.063354       1.21346116      -376.361481    
 -0.246366903      -352.914215       2.45304585      -376.852905    
 -0.369231790      -353.775391       3.68169284      -377.241272    
 -0.490382463      -354.646881       4.89319801      -377.526245    
 -0.609171689      -355.528717       6.08108902      -377.707672    
 -0.724922657      -356.420929       7.23859692      -377.785797    
 -0.836926103      -357.323395       8.35862923      -377.761108    
 -0.944438398      -358.236053       9.43375111      -377.634613    
  -1.04668033      -359.158752       10.4561691      -377.407745    
  -1.14283693      -360.091278       11.4177351      -377.082611    
  -1.23205900      -361.033325       12.3099546      -376.662018    
  -1.31346679      -361.984528       13.1240301      -376.149658    
  -1.38615716      -362.944458       13.8509312      -375.550201    
  -1.44921422      -363.912567       14.4815016      -374.869507    
  -1.50172544      -364.888031       15.0066147      -374.114746    
  -1.54280305      -365.870056       15.4173880      -373.294525    
  -1.57161093      -366.857635       15.7054644      -372.419006    
  -1.58739829      -367.849548       15.8633385      -371.499939    
  -1.58953786      -368.844513       15.8847332      -370.550629    
  -1.57756519      -369.841003       15.7650042      -369.585785    
  -1.55121648      -370.837463       15.5015154      -368.621216    
  -1.51046002      -371.832245       15.0939484      -367.673462    
  -1.45551538      -372.823669       14.5445013      -366.759186    
  -1.38685751      -373.810089       13.8579206      -365.894775    
  -1.30520248      -374.790039       13.0413685      -365.095612    
  -1.21147788      -375.761993       12.1041222      -364.375580    
  -1.10678148      -376.724884       11.0571566      -363.746857    
 -0.992331386      -377.677612       9.91265488      -363.219452    
 -0.869417131      -378.619446       8.68351078      -362.801270    
 -0.739354193      -379.549774       7.38287973      -362.498199    
 -0.603445351      -380.468170       6.02379084      -362.314148    
 -0.462951630      -381.374390       4.61885262      -362.251312    
 -0.319071382      -382.268402       3.18004870      -362.310516    
 -0.172927618      -383.150360       1.71860993      -362.491241    
  -2.55619269E-02  -384.020264      0.244951814      -362.792175    
  0.122067153      -384.878357      -1.23134041      -363.211121    
  0.269082069      -385.724915      -2.70149112      -363.745300    
  0.414682001      -386.560303      -4.15749168      -364.391541    
  0.558137238      -387.384857      -5.59204483      -365.146362    
  0.698782861      -388.198883      -6.99850368      -366.006012    
  0.836012661      -389.002869      -8.37080193      -366.966675    
  0.969272256      -389.797089      -9.70339870      -368.024414    
   1.09805369      -390.582001      -10.9912157      -369.175201    
   1.22188973      -391.358032      -12.2295771      -370.415009    
   1.34034872      -392.125549      -13.4141674      -371.739746    
   1.45303011      -392.884979      -14.5409832      -373.145477    
   1.55956054      -393.636688      -15.6062899      -374.628113    
   1.65959013      -394.381104      -16.6065884      -376.183655    
   1.75278938      -395.118652      -17.5385818      -377.808105    
   1.83884645      -395.849731      -18.3991528      -379.497406    
   1.91746461      -396.574707      -19.1853371      -381.247589    
   1.98836040      -397.294006      -19.8942966      -383.054596    
   2.05126238      -398.008026      -20.5233154      -384.914307    
   2.10590839      -398.717255      -21.0697746      -386.822540    
   2.15204573      -399.421997      -21.5311489      -388.775116    
   2.18943048      -400.122711      -21.9049969      -390.767609    
   2.21782613      -400.819916      -22.1889553      -392.795654    
   2.23700500      -401.514008      -22.3807468      -394.854645    
   2.24674654      -402.205536      -22.4781647      -396.939789    
   2.24684072      -402.894897      -22.4791069      -399.046082    
   2.23708677      -403.582672      -22.3815708      -401.168365    
   2.21729708      -404.269379      -22.1836739      -403.301147    
   2.18729877      -404.955627      -21.8836918      -405.438629    
   2.14693737      -405.642029      -21.4800739      -407.574738    
   2.09608102      -406.329224      -20.9715118      -409.703003    
   2.03462696      -407.017883      -20.3569717      -411.816498    
   1.96250713      -407.708740      -19.6357746      -413.908020    
   1.87969732      -408.402557      -18.8076801      -415.969727    
   1.78622723      -409.100159      -17.8729801      -417.993408    
   1.68219161      -409.802429      -16.8326283      -419.970306    
   1.56776428      -410.510315      -15.6883545      -421.891296    
   1.44321227      -411.224762      -14.4428349      -423.746826    
   1.30891275      -411.946747      -13.0998421      -425.527008    
   1.16536927      -412.677277      -11.6644106      -427.221771    
   1.01322699      -413.417358      -10.1429901      -428.821075    
  0.853284657      -414.167969      -8.54356766      -430.315033    
  0.686502695      -414.930054      -6.87574959      -431.694427    
  0.514002979      -415.704407      -5.15075397      -432.950989    
  0.337059021      -416.491730      -3.38131642      -434.077515    
  0.157074973      -417.292664      -1.58147740      -435.068665    
  -2.44470015E-02  -418.107422      0.233740598      -435.920959    
 -0.205948681      -418.936218       2.04875565      -436.633179    
 -0.385864258      -419.778931       3.84790969      -437.206268    
 -0.562669873      -420.635193       5.61596394      -437.643555    
 -0.734929502      -421.504517       7.33855820      -437.950409    
 -0.901332319      -422.386139       9.00258446      -438.133972    
  -1.06071985      -423.279266       10.5964565      -438.202759    
  -1.21209955      -424.182892       12.1102524      -438.166412    
  -1.35464966      -425.096008       13.5357513      -438.035156    
  -1.48771298      -426.017578       14.8663836      -437.819519    
  -1.61078537      -426.946533       16.0971069      -437.530121    
  -1.72350037      -427.881805       17.2242527      -437.177307    
  -1.82561100      -428.822418       18.2453537      -436.771149    
  -1.91697252      -429.767395       19.1589680      -436.321198    
  -1.99752593      -430.715881       19.9645004      -435.836578    
  -2.06728244      -431.666962       20.6620655      -435.325714    
  -2.12631011      -432.619873       21.2523422      -434.796692    
  -2.17472339      -433.573853       21.7364731      -434.256927    
  -2.21267295      -434.528198       22.1159649      -433.713348    
  -2.24033737      -435.482300       22.3926048      -433.172485    
  -2.25791788      -436.435547       22.5684071      -432.640289    
  -2.26563311      -437.387329       22.6455574      -432.122467    
  -2.26371479      -438.337158       22.6263714      -431.624359    
  -2.25240517      -439.284485       22.5132713      -431.150879    
  -2.23195457      -440.228851       22.3087635      -430.706818    
  -2.20262003      -441.169861       22.0154171      -430.296570    
  -2.16466379      -442.107086       21.6358547      -429.924408    
  -2.11835313      -443.040100       21.1727467      -429.594360    
  -2.06396008      -443.968506       20.6288166      -429.310333    
  -2.00176167      -444.891937       20.0068321      -429.076080    
  -1.93203974      -445.810028       19.3096104      -428.895233    
  -1.85508192      -446.722443       18.5400295      -428.771332    
  -1.77118301      -447.628784       17.7010384      -428.707825    
  -1.68064523      -448.528778       16.7956600      -428.708069    
  -1.58378041      -449.422028       15.8270073      -428.775391    
  -1.48091090      -450.308258       14.7983103      -428.913147    
  -1.37237179      -451.187134       13.7129173      -429.124481    
  -1.25851274      -452.058319       12.5743237      -429.412659    
  -1.13970041      -452.921478       11.3861980      -429.780884    
  -1.01632082      -453.776337       10.1524000      -430.232269    
 -0.888782322      -454.622559       8.87701225      -430.769958    
 -0.757518709      -455.459808       7.56437397      -431.397064    
 -0.622992635      -456.287842       6.21911144      -432.116608    
 -0.485699147      -457.106323       4.84617424      -432.931610    
 -0.346169472      -457.915039       3.45087624      -433.844818    
 -0.204975456      -458.713623       2.03893447      -434.859070    
  -6.27334192E-02  -459.501831      0.616512418      -435.976898    
   7.98916444E-02  -460.279419     -0.809739947      -437.200623    
  0.222182259      -461.046265      -2.23264790      -438.532288    
  0.363365382      -461.802155      -3.64448047      -439.973450    
  0.502610028      -462.546967      -5.03692865      -441.525299    
  0.639026999      -463.280670      -6.40110016      -443.188263    
  0.771670461      -464.003296      -7.72753620      -444.962067    
  0.899542987      -464.714966      -9.00626278      -446.845490    
   1.02160418      -465.415894      -10.2268763      -448.836151    
   1.13678503      -466.106445      -11.3786869      -450.930481    
   1.24400675      -466.787140      -12.4509058      -453.123383    
   1.34220612      -467.458649      -13.4329004      -455.408295    
   1.43036556      -468.121765      -14.3144960      -457.777008    
   1.50754702      -468.777496      -15.0863132      -460.219696    
   1.57292783      -469.426971      -15.7401228      -462.725098    
   1.62583327      -470.071411      -16.2691822      -465.280548    
   1.66576540      -470.712219      -16.6685047      -467.872498    
   1.69242084      -471.350800      -16.9350605      -470.486694    
   1.70569944      -471.988586      -17.0678520      -473.108826    
   1.70570016      -472.627014      -17.0678616      -475.724701    
   1.69270682      -473.267395      -16.9379292      -478.320801    
   1.66716409      -473.911011      -16.6825027      -480.884491    
   1.62965024      -474.559021      -16.3073654      -483.404327    
   1.58084619      -475.212433      -15.8193283      -485.870087    
   1.52150619      -475.872131      -15.2259312      -488.272919    
   1.45243132      -476.538910      -14.5351830      -490.605255    
   1.37444556      -477.213348      -13.7553282      -492.860779    
   1.28837848      -477.896027      -12.8946600      -495.034363    
   1.19505012      -478.587280      -11.9613791      -497.121887    
   1.09526110      -479.287506      -10.9634905      -499.120087    
  0.989785433      -479.996887      -9.90873432      -501.026581    
  0.879365861      -480.715576      -8.80454063      -502.839539    
  0.764711976      -481.443756      -7.65800381      -504.557800    
  0.646499276      -482.181488      -6.47587776      -506.180664    
  0.525369823      -482.928741      -5.26458549      -507.707886    
  0.401933283      -483.685608      -4.03022099      -509.139404    
  0.276768804      -484.451996      -2.77857780      -510.475555    
  0.150427058      -485.227844      -1.51516211      -511.716888    
   2.34326031E-02  -486.013123     -0.245219201      -512.864136    
 -0.103713773      -486.807709       1.02624297      -513.918274    
 -0.230532706      -487.611542       2.29443049      -514.880188    
 -0.356563896      -488.424469       3.55474091      -515.750977    
 -0.481363893      -489.246368       4.80273867      -516.532043    
 -0.604503870      -490.077087       6.03413725      -517.224670    
 -0.725567639      -490.916534       7.24477339      -517.830261    
 -0.844149828      -491.764557       8.43059349      -518.350220    
 -0.959853768      -492.620972       9.58763027      -518.786194    
  -1.07228994      -493.485626       10.7119904      -519.139771    
  -1.18107450      -494.358307       11.7998352      -519.412659    
  -1.28582764      -495.238892       12.8473663      -519.606750    
  -1.38617229      -496.127228       13.8508101      -519.723755    
  -1.48173261      -497.023010       14.8064098      -519.765747    
  -1.57213306      -497.926117       15.7104111      -519.734924    
  -1.65699720      -498.836273       16.5590496      -519.633484    
  -1.73594737      -499.753265       17.3485489      -519.463623    
  -1.80860329      -500.676819       18.0751057      -519.228088    
  -1.87458205      -501.606689       18.7348919      -518.929504    
  -1.93349743      -502.542572       19.3240433      -518.570801    
  -1.98496032      -503.484131       19.8386707      -518.155212    
  -2.02857924      -504.431030       20.2748547      -517.686218    
  -2.06396079      -505.382904       20.6286659      -517.167480    
  -2.09071136      -506.339325       20.8961697      -516.603271    
  -2.10843968      -507.299866       21.0734539      -515.998047    
  -2.11676002      -508.264008       21.1566544      -515.356750    
  -2.11529589      -509.231201       21.1420097      -514.684937    
  -2.10368562      -510.200867       21.0259037      -513.988525    
  -2.08158922      -511.172302       20.8049412      -513.274109    
  -2.04869819      -512.144836       20.4760265      -512.549011    
  -2.00474405      -513.117676       20.0364838      -511.820953    
  -1.94951355      -514.089905       19.4841766      -511.098541    
  -1.88286126      -515.060608       18.8176517      -510.391022    
  -1.80472648      -516.028931       18.0363007      -509.708282    
  -1.71515036      -516.993652       17.1405373      -509.060791    
  -1.61429393      -517.953796       16.1319695      -508.459381    
  -1.50245357      -518.908264       15.0135651      -507.915253    
  -1.38007486      -519.855835       13.7897778      -507.439667    
  -1.24776030      -520.795471       12.4666300      -507.043518    
  -1.10627031      -521.726135       11.0517254      -506.737274    
 -0.956515729      -522.646790       9.55417824      -506.530518    
 -0.799542844      -523.556702       7.98444748      -506.431580    
 -0.636507392      -524.455078       6.35409117      -506.447327    
 -0.468644261      -525.341614       4.67545700      -506.583099    
 -0.297231972      -526.215637       2.96133137      -506.842377    
 -0.123557284      -527.077209       1.22458208      -507.226898    
   5.11178859E-02  -527.926208     -0.522172093      -507.736755    
  0.225584835      -528.762756      -2.26684427      -508.370514    
  0.398709863      -529.587280      -3.99809718      -509.125366    
  0.569449365      -530.400024      -5.70549440      -509.997406    
  0.736858249      -531.201538      -7.37958527      -510.981964    
  0.900093019      -531.992371      -9.01193523      -512.073669    
   1.05841017      -532.773071      -10.5951099      -513.266602    
   1.21116161      -533.544250      -12.1226292      -514.554749    
   1.35778832      -534.306519      -13.5888987      -515.931763    
   1.49781168      -535.060547      -14.9891357      -517.391357    
   1.63082600      -535.806946      -16.3192825      -518.927368    
   1.75648952      -536.546326      -17.5759201      -520.533630    
   1.87451732      -537.279358      -18.7561989      -522.204102    
   1.98467350      -538.006470      -19.8577633      -523.932983    
   2.08676505      -538.728333      -20.8786774      -525.714661    
   2.18063498      -539.445496      -21.8173790      -527.543640    
   2.26615906      -540.158386      -22.6726227      -529.414734    
   2.34323931      -540.867554      -23.4434299      -531.322754    
   2.41180205      -541.573486      -24.1290607      -533.262939    
   2.47179270      -542.276733      -24.7289734      -535.230530    
   2.52317524      -542.977661      -25.2428017      -537.221008    
   2.56592798      -543.676819      -25.6703300      -539.229858    
   2.60004210      -544.374512      -26.0114727      -541.252869    
   2.62552118      -545.071167      -26.2662640      -543.285828    
   2.64237833      -545.767334      -26.4348412      -545.324524    
   2.65063763      -546.463257      -26.5174351      -547.365051    
   2.65033031      -547.159424      -26.5143661      -549.403381    
   2.64149690      -547.856201      -26.4260330      -551.435608    
   2.62418580      -548.553955      -26.2529240      -553.457886    
   2.59845352      -549.253113      -25.9956036      -555.466309    
   2.56436491      -549.953979      -25.6547203      -557.457031    
   2.52199364      -550.657043      -25.2310104      -559.426147    
   2.47142291      -551.362671      -24.7253017      -561.369934    
   2.41274524      -552.071289      -24.1385269      -563.284424    
   2.34606504      -552.783142      -23.4717274      -565.165527    
   2.27149916      -553.498718      -22.7260723      -567.009338    
   2.18917847      -554.218445      -21.9028683      -568.811829    
   2.09924960      -554.942688      -21.0035820      -570.568787    
   2.00187731      -555.671997      -20.0298634      -572.276123    
   1.89724720      -556.406677      -18.9835644      -573.929321    
   1.78556788      -557.147217      -17.8667736      -575.524109    
   1.66707504      -557.894043      -16.6818466      -577.055847    
   1.54203475      -558.647644      -15.4314470      -578.520142    
   1.41074753      -559.408447      -14.1185780      -579.912231    
   1.27355337      -560.176941      -12.7466373      -581.227417    
   1.13083625      -560.953552      -11.3194685      -582.460815    
  0.983029723      -561.738831      -9.84140587      -583.607727    
  0.830622613      -562.533264      -8.31733704      -584.663391    
  0.674164534      -563.337341      -6.75275898      -585.623169    
  0.514271379      -564.151367      -5.15383101      -586.482483    
  0.351630151      -564.975952      -3.52742171      -587.237061    
  0.187002301      -565.811340      -1.88114631      -587.883179    
   2.12260894E-02  -566.657898     -0.223386884      -588.417419    
 -0.144784614      -567.515930       1.43671727      -588.837097    
 -0.310044348      -568.385559       3.08931160      -589.140381    
 -0.473504543      -569.266907       4.72391033      -589.326538    
 -0.634066880      -570.159973       6.32953072      -589.395874    
 -0.790601790      -571.064575       7.89487696      -589.350098    
 -0.941971958      -571.980347       9.40857601      -589.192444    
  -1.08705962      -572.906799       10.8594494      -588.927551    
  -1.22479630      -573.843384       12.2368116      -588.561768    
  -1.35419226      -574.789307       13.5307684      -588.102539    
  -1.47436357      -575.743713       14.7324772      -587.558838    
  -1.58455384      -576.705505       15.8343773      -586.940674    
  -1.68415022      -577.673767       16.8303356      -586.258545    
  -1.77268994      -578.647278       17.7157269      -585.523560    
  -1.84986067      -579.624939       18.4874306      -584.747009    
  -1.91549385      -580.605652       19.1437588      -583.940002    
  -1.96955216      -581.588318       19.6843414      -583.113403    
  -2.01211452      -582.571838       20.1099625      -582.277466    
  -2.04335809      -583.555359       20.4223976      -581.441956    
  -2.06354213      -584.538025       20.6242313      -580.615723    
  -2.07298946      -585.518921       20.7187004      -579.807068    
  -2.07207298      -586.497314       20.7095318      -579.023315    
  -2.06120181      -587.472534       20.6008148      -578.271301    
  -2.04080963      -588.443970       20.3968887      -577.557068    
  -2.01134610      -589.411072       20.1022511      -576.885925    
  -1.97326946      -590.373413       19.7214832      -576.262695    
  -1.92704117      -591.330505       19.2591953      -575.691589    
  -1.87312090      -592.281982       18.7199898      -575.176514    
  -1.81196380      -593.227600       18.1084156      -574.720642    
  -1.74401832      -594.166931       17.4289551      -574.327026    
  -1.66972446      -595.099792       16.6860123      -573.998169    
  -1.58951342      -596.025940       15.8839006      -573.736511    
  -1.50380719      -596.945190       15.0268326      -573.544067    
  -1.41301811      -597.857300       14.1189375      -573.422668    
  -1.31754982      -598.762146       13.1642513      -573.373962    
  -1.21779728      -599.659668       12.1667233      -573.399414    
  -1.11414778      -600.549561       11.1302252      -573.500244    
  -1.00698161      -601.431824       10.0585604      -573.677673    
 -0.896672904      -602.306335       8.95547009      -573.932678    
 -0.783590853      -603.172974       7.82464504      -574.266296    
 -0.668100476      -604.031677       6.66973782      -574.679260    
 -0.550563872      -604.882385       5.49436808      -575.172241    
 -0.431341261      -605.725037       4.30213833      -575.745972    
 -0.310792089      -606.559509       3.09664321      -576.400940    
 -0.189276248      -607.385803       1.88148117      -577.137756    
  -6.71551153E-02  -608.203918      0.660266638      -577.956848    
   5.52070513E-02  -609.013794     -0.563358307      -578.858398    
  0.177442059      -609.815369      -1.78571153      -579.842773    
  0.299176484      -610.608582      -3.00305867      -580.910217    
  0.420030475      -611.393555      -4.21160173      -582.060791    
  0.539616406      -612.170166      -5.40746498      -583.294556    
  0.657537818      -612.938538      -6.58668280      -584.611328    
  0.773387969      -613.698547      -7.74518728      -586.010986    
  0.886748850      -614.450317      -8.87879944      -587.493225    
  0.997189760      -615.193909      -9.98321056      -589.057434    
   1.10426664      -615.929382      -11.0539808      -590.702942    
   1.20752060      -616.656799      -12.0865231      -592.429077    
   1.30647779      -617.376221      -13.0760975      -594.234558    
   1.40064836      -618.087891      -14.0178070      -596.118164    
   1.48952699      -618.791931      -14.9065981      -598.078125    
   1.57259274      -619.488464      -15.7372599      -600.112610    
   1.64931023      -620.177795      -16.5044384      -602.219055    
   1.71913135      -620.860229      -17.2026558      -604.394714    
   1.78149891      -621.536072      -17.8263340      -606.636108    
   1.83584964      -622.205688      -18.3698463      -608.939453    
   1.88162065      -622.869629      -18.8275566      -611.300049    
   1.91825652      -623.528320      -19.1939182      -613.712585    
   1.94521952      -624.182434      -19.4635487      -616.171143    
   1.96200001      -624.832642      -19.6313572      -618.668823    
   1.96813130      -625.479736      -19.6926746      -621.197876    
   1.96320474      -626.124573      -19.6434116      -623.749878    
   1.94688678      -626.768005      -19.4802380      -626.315552    
   1.91893744      -627.411072      -19.2007484      -628.884888    
   1.87922609      -628.054810      -18.8036404      -631.447205    
   1.82774782      -628.700378      -18.2888603      -633.991516    
   1.76463389      -629.348938      -17.6577225      -636.506592    
   1.69015789      -630.001404      -16.9129677      -638.981201    
   1.60473680      -630.659119      -16.0587597      -641.404419    
   1.50892270      -631.322998      -15.1006231      -643.766113    
   1.40339065      -631.993958      -14.0453062      -646.056763    
   1.28891909      -632.672913      -12.9005938      -648.267761    
   1.16636777      -633.360474      -11.6750841      -650.391968    
   1.03665328      -634.057312      -10.3779430      -652.423340    
  0.900724947      -634.763916      -9.01866341      -654.357056    
  0.759542048      -635.480652      -7.60683775      -656.189575    
  0.614054620      -636.207764      -6.15196657      -657.918640    
  0.465187281      -636.945374      -4.66329670      -659.542969    
  0.313827515      -637.693420      -3.14970255      -661.062134    
  0.160816908      -638.451965      -1.61960030      -662.476562    
   6.94602169E-03  -639.220886      -8.08947384E-02  -663.787415    
 -0.147048280      -640.000000       1.45904493      -664.996277    
 -0.300483257      -640.789124       2.99339128      -666.105347    
 -0.452729136      -641.587952       4.51584721      -667.117004    
 -0.603207052      -642.396301       6.02062368      -668.033936    
 -0.751385927      -643.213806       7.50241041      -668.859192    
 -0.896779358      -644.040161       8.95634174      -669.595703    
  -1.03894174      -644.875061       10.3779631      -670.246765    
  -1.17746508      -645.718201       11.7631931      -670.815430    
  -1.31197500      -646.569275       13.1082907      -671.304993    
  -1.44212794      -647.427917       14.4098177      -671.718750    
  -1.56760800      -648.293823       15.6646137      -672.059998    
  -1.68812335      -649.166626       16.8697605      -672.331909    
  -1.80340421      -650.046021       18.0225677      -672.537659    
  -1.91320097      -650.931641       19.1205349      -672.680542    
  -2.01728106      -651.823303       20.1613331      -672.763611    
  -2.11542702      -652.720642       21.1427898      -672.790039    
  -2.20743585      -653.623352       22.0628738      -672.763000    
  -2.29311609      -654.531128       22.9196701      -672.685547    
  -2.37228727      -655.443604       23.7113800      -672.560669    
  -2.44477916      -656.360535       24.4362946      -672.391418    
  -2.51042962      -657.281555       25.0927982      -672.180969    
  -2.56908488      -658.206421       25.6793461      -671.932312    
  -2.62059784      -659.134766       26.1944733      -671.648499    
  -2.66482782      -660.066467       26.6367702      -671.332642    
  -2.70164037      -661.000916       27.0048943      -670.987854    
  -2.73090720      -661.937988       27.2975578      -670.617249    
  -2.75250483      -662.877319       27.5135307      -670.224060    
  -2.76631570      -663.818542       27.6516380      -669.811646    
  -2.77222824      -664.761414       27.7107582      -669.383179    
  -2.77013612      -665.705505       27.6898346      -668.942139    
  -2.75993991      -666.650513       27.5878696      -668.492065    
  -2.74154711      -667.596069       27.4039383      -668.036621    
  -2.71487308      -668.541809       27.1371956      -667.579529    
  -2.67984200      -669.487305       26.7868843      -667.124634    
  -2.63638926      -670.432190       26.3523502      -666.676086    
  -2.58446121      -671.376038       25.8330669      -666.238037    
  -2.52401900      -672.318359       25.2286453      -665.814819    
  -2.45504093      -673.258667       24.5388603      -665.411133    
  -2.37752390      -674.196655       23.7636852      -665.031677    
  -2.29148865      -675.131714       22.9033279      -664.681519    
  -2.19698238      -676.063293       21.9582615      -664.365906    
  -2.09408402      -676.990906       20.9292736      -664.090149    
  -1.98290944      -677.913940       19.8175240      -663.860107    
  -1.86361647      -678.831787       18.6245918      -663.681519    
  -1.73641205      -679.743958       17.3525448      -663.560608    
  -1.60155857      -680.649597       16.0040073      -663.503601    
  -1.45938110      -681.548279       14.5822287      -663.516846    
  -1.31027377      -682.439270       13.0911551      -663.606750    
  -1.15470791      -683.322021       11.5354939      -663.779663    
 -0.993236125      -684.195740       9.92077351      -664.041809    
 -0.826497316      -685.059998       8.25338364      -664.399109    
 -0.655218482      -685.914124       6.54059315      -664.857178    
 -0.480213255      -686.757629       4.79053783      -665.421021    
 -0.302376747      -687.590271       3.01217055      -666.094788    
 -0.122676380      -688.411560       1.21516430      -666.881714    
   5.78621924E-02  -689.221313     -0.590223789      -667.784119    
  0.238173127      -690.019470      -2.39333558      -668.802795    
  0.417172045      -690.805969      -4.18332720      -669.937561    
  0.593779564      -691.581055      -5.94940519      -671.186768    
  0.766945422      -692.344971      -7.68106651      -672.547424    
  0.935671329      -693.098145      -9.36832809      -674.015381    
   1.09903026      -693.841187      -11.0019226      -675.585327    
   1.25618315      -694.574524      -12.5734529      -677.251099    
   1.40638828      -695.299011      -14.0755081      -679.005859    
   1.54900789      -696.015320      -15.5017071      -680.842102    
   1.68350923      -696.724365      -16.8467216      -682.752075    
   1.80946136      -697.426880      -18.1062489      -684.727783    
   1.92652953      -698.123535      -19.2769356      -686.761414    
   2.03446746      -698.815125      -20.3563194      -688.845032    
   2.13310838      -699.502502      -21.3427315      -690.971008    
   2.22235465      -700.186401      -22.2351971      -693.132019    
   2.30216932      -700.867493      -23.0333443      -695.321106    
   2.37256670      -701.546448      -23.7373199      -697.531616    
   2.43360424      -702.223877      -24.3476963      -699.757202    
   2.48537493      -702.900391      -24.8654041      -701.992065    
   2.52800083      -703.576599      -25.2916679      -704.230591    
   2.56162858      -704.252930      -25.6279507      -706.467590    
   2.58642316      -704.929871      -25.8759003      -708.698181    
   2.60256457      -705.607971      -26.0373192      -710.917908    
   2.61024451      -706.287598      -26.1141243      -713.122559    
   2.60966420      -706.969055      -26.1083241      -715.307983    
   2.60103130      -707.652771      -26.0219975      -717.470642    
   2.58455920      -708.339111      -25.8572788      -719.606873    
   2.56046391      -709.028503      -25.6163292      -721.713318    
   2.52896571      -709.721130      -25.3013515      -723.787048    
   2.49028659      -710.417358      -24.9145622      -725.824829    
   2.44465017      -711.117432      -24.4581947      -727.823975    
   2.39228082      -711.821655      -23.9345016      -729.781860    
   2.33340502      -712.530273      -23.3457432      -731.695801    
   2.26824975      -713.243469      -22.6941948      -733.563416    
   2.19704461      -713.961609      -21.9821415      -735.382202    
   2.12001967      -714.684814      -21.2118931      -737.150024    
   2.03740740      -715.413330      -20.3857708      -738.864563    
   1.94944286      -716.147400      -19.5061264      -740.523682    
   1.85636413      -716.887207      -18.5753422      -742.125183    
   1.75841308      -717.633057      -17.5958347      -743.667175    
   1.65583551      -718.385010      -16.5700607      -745.147522    
   1.54888284      -719.143311      -15.5005369      -746.564331    
   1.43781197      -719.908203      -14.3898306      -747.915527    
   1.32288718      -720.679810      -13.2405844      -749.199341    
   1.20438051      -721.458374      -12.0555172      -750.413818    
   1.08257270      -722.244019      -10.8374405      -751.557190    
  0.957755268      -723.036987      -9.58926678      -752.627563    
  0.830230832      -723.837463      -8.31402397      -753.623169    
  0.700315118      -724.645569      -7.01486826      -754.542297    
  0.568338037      -725.461487      -5.69509935      -755.383240    
  0.434645504      -726.285339      -4.35817480      -756.144287    
  0.299600810      -727.117371      -3.00772929      -756.823914    
  0.163586453      -727.957764      -1.64758730      -757.420532    
   2.70058792E-02  -728.806519     -0.281783253      -757.932861    
 -0.109714866      -729.663879       1.08542264      -758.359558    
 -0.246125355      -730.529846       2.44952607      -758.699402    
 -0.381749302      -731.404663       3.80576396      -758.951416    
 -0.516082942      -732.288330       5.14909935      -759.114807    
 -0.648594141      -733.180969       6.47420979      -759.189026    
 -0.778721333      -734.082458       7.77548075      -759.173889    
 -0.905873775      -734.992859       9.04700470      -759.069458    
  -1.02943206      -735.912170       10.2825871      -758.876282    
  -1.14874995      -736.840271       11.4757643      -758.595459    
  -1.26315713      -737.776978       12.6198349      -758.228394    
  -1.37196422      -738.722046       13.7079058      -757.777466    
  -1.47446918      -739.675232       14.7329540      -757.245605    
  -1.56996584      -740.636230       15.6879196      -756.636414    
  -1.65775478      -741.604431       16.5658073      -755.954468    
  -1.73715639      -742.579346       17.3598232      -755.205200    
  -1.80752540      -743.560364       18.0635147      -754.394958    
  -1.86826766      -744.546814       18.6709347      -753.531067    
  -1.91885650      -745.537720       19.1768227      -752.621582    
  -1.95884943      -746.532288       19.5767498      -751.675293    
  -1.98790264      -747.529663       19.8672810      -750.701660    
  -2.00578237      -748.528748       20.0460796      -749.710632    
  -2.01237392      -749.528503       20.1119919      -748.712341    
  -2.00768256      -750.528015       20.0650768      -747.716980    
  -1.99183309      -751.526245       19.9065819      -746.734680    
  -1.96506310      -752.522217       19.6388798      -745.775085    
  -1.92771125      -753.515015       19.2653599      -744.847290    
  -1.88020480      -754.503784       18.7902927      -743.959839    
  -1.82304335      -755.487732       18.2186737      -743.120422    
  -1.75678337      -756.466125       17.5560722      -742.335938    
  -1.68202245      -757.438416       16.8084602      -741.612366    
  -1.59938478      -758.404114       15.9820814      -740.955017    
  -1.50950885      -759.362793       15.0833216      -740.368286    
  -1.41303658      -760.314026       14.1185961      -739.855713    
  -1.31060433      -761.257568       13.0942726      -739.420349    
  -1.20283663      -762.193115       12.0165958      -739.064331    
  -1.09034073      -763.120544       10.8916368      -738.789734    
 -0.973703623      -764.039795       9.72526455      -738.597595    
 -0.853489041      -764.950684       8.52311707      -738.488892    
 -0.730236709      -765.853149       7.29059124      -738.464050    
 -0.604461908      -766.747253       6.03284121      -738.523254    
 -0.476655483      -767.632935       4.75477552      -738.666382    
 -0.347284645      -768.510254       3.46106625      -738.893127    
 -0.216793835      -769.379272       2.15615654      -739.203003    
  -8.56058747E-02  -770.240051      0.844275355      -739.595276    
   4.58767042E-02  -771.092651     -0.470551997      -740.069153    
  0.177270263      -771.937195      -1.78448892      -740.623718    
  0.308208585      -772.773743      -3.09387374      -741.257874    
  0.438341558      -773.602478      -4.39520502      -741.970581    
  0.567333698      -774.423401      -5.68512821      -742.760620    
  0.694863081      -775.236694      -6.96042204      -743.626831    
  0.820619524      -776.042603      -8.21798706      -744.567871    
  0.944303870      -776.841125      -9.45483208      -745.582458    
   1.06562662      -777.632446      -10.6680603      -746.669189    
   1.18430662      -778.416687      -11.8548613      -747.826721    
   1.30007064      -779.194031      -13.0125036      -749.053528    
   1.41265202      -779.964539      -14.1383171      -750.348267    
   1.52178943      -780.728455      -15.2296906      -751.709351    
   1.62722671      -781.485901      -16.2840633      -753.135132    
   1.72871172      -782.236938      -17.2989120      -754.624207    
   1.82599545      -782.981873      -18.2717514      -756.174805    
   1.91883194      -783.720764      -19.2001190      -757.785400    
   2.00697732      -784.453918      -20.0815735      -759.454163    
   2.09018898      -785.181396      -20.9136925      -761.179260    
   2.16822553      -785.903381      -21.6940594      -762.958862    
   2.24084640      -786.620178      -22.4202728      -764.791077    
   2.30781102      -787.331909      -23.0899239      -766.673767    
   2.36888003      -788.038757      -23.7006149      -768.604919    
   2.42381287      -788.740967      -24.2499409      -770.582275    
   2.47236919      -789.438843      -24.7355061      -772.603455    
   2.51430917      -790.132629      -25.1549072      -774.666077    
   2.54939294      -790.822449      -25.5057449      -776.767395    
   2.57738137      -791.508667      -25.7856293      -778.904785    
   2.59803677      -792.191650      -25.9921837      -781.075256    
   2.61112380      -792.871582      -26.1230564      -783.275635    
   2.61641097      -793.548889      -26.1759262      -785.502441    
   2.61367059      -794.223938      -26.1485233      -787.752258    
   2.60268307      -794.897095      -26.0386486      -790.021118    
   2.58323741      -795.568787      -25.8441944      -792.304871    
   2.55513573      -796.239319      -25.5631771      -794.599060    
   2.51819491      -796.909302      -25.1937714      -796.899048    
   2.47225237      -797.579224      -24.7343464      -799.199585    
   2.41717005      -798.249634      -24.1835251      -801.495300    
   2.35284066      -798.921082      -23.5402336      -803.780396    
   2.27919412      -799.594238      -22.8037701      -806.048706    
   2.19620395      -800.269714      -21.9738712      -808.293762    
   2.10389566      -800.948181      -21.0507889      -810.508667    
   2.00235462      -801.630371      -20.0353794      -812.686279    
   1.89173448      -802.317078      -18.9291782      -814.819275    
   1.77226424      -803.009033      -17.7344761      -816.900208    
   1.64425564      -803.706970      -16.4543934      -818.921387    
   1.50810850      -804.411560      -15.0929260      -820.875427    
   1.36431408      -805.123596      -13.6549816      -822.755127    
   1.21345389      -805.843750      -12.1463814      -824.553528    
   1.05619764      -806.572815      -10.5738201      -826.264099    
  0.893295765      -807.311096      -8.94480228      -827.881165    
  0.725568235      -808.059204      -7.26752901      -829.399963    
  0.553890884      -808.817566      -5.55075693      -830.816528    
  0.379178613      -809.586304      -3.80363584      -832.127930    
  0.202367246      -810.365784      -2.03552341      -833.332397    
   2.43948922E-02  -811.156189     -0.255801231      -834.429077    
 -0.153815508      -811.957275       1.52630126      -835.418335    
 -0.331371993      -812.768982       3.30186486      -836.301514    
 -0.507426739      -813.591064       5.06241083      -837.080688    
 -0.681186140      -814.423218       6.80000353      -837.758728    
 -0.851917863      -815.265137       8.50732040      -838.339233    
  -1.01895499      -816.116516       10.1776896      -838.826233    
